{
  "generated_by": {
    "program": "augur",
    "version": "6.2.0"
  },
  "models": {
    "region": {
      "alphabet": [
        "Central Panama",
        "Global",
        "Sierra Nevada",
        "?"
      ],
      "equilibrium_probabilities": [
        0.2306072115418926,
        0.4704716407698501,
        0.2989211476882574
      ],
      "rate": 83.45896836498083,
      "transition_matrix": [
        [
          -3.973940610037299,
          1.7088042596208206,
          0.37627120063372904
        ],
        [
          1.7088042596208206,
          -2.141748994246132,
          2.0526134828639666
        ],
        [
          0.37627120063372904,
          2.0526134828639666,
          -3.5208860050564286
        ]
      ]
    },
    "site": {
      "alphabet": [
        "Africa",
        "Altos de Piedra",
        "Americas",
        "Asia",
        "Australia",
        "Barrett Basin",
        "Campana",
        "Cerro Negro",
        "Conness Pond",
        "Darwin Bench",
        "Devils Crag Basin",
        "Donoso",
        "Dusy Basin",
        "El Cope",
        "El Valle N",
        "El Valle S",
        "Europe",
        "LeConte Divide",
        "Marjorie Basin",
        "McGee Basin",
        "Miguel de la borda",
        "Mono Pass",
        "Sargentita",
        "Tigrero",
        "Unicorn Ponds",
        "?"
      ],
      "equilibrium_probabilities": [
        0.04023706533354051,
        0.04427769889362799,
        0.04012598864539511,
        0.03692292351360229,
        0.04375353963443708,
        0.03848443632668937,
        0.04265842184113207,
        0.034444908795028005,
        0.03496734514237468,
        0.046917675637439225,
        0.029465995105332543,
        0.041975198178271673,
        0.040189149514209495,
        0.038579832695434066,
        0.03700666711049971,
        0.04134024582172765,
        0.0327234480574096,
        0.04461530987675839,
        0.04205498112659748,
        0.0437569322066017,
        0.044513373909281326,
        0.04169044089679474,
        0.04403677187073114,
        0.045583572801196834,
        0.029678077065887345
      ],
      "rate": 190.12862154591383,
      "transition_matrix": [
        [
          -21.910586949421603,
          0.8579012763983654,
          1.7584595259378633,
          0.8575176660665934,
          0.8580221460950559,
          0.8578068850091719,
          0.858085845989857,
          1.143394193431428,
          1.1673493667504493,
          0.857924450293714,
          0.8566774702476024,
          0.8580284261324259,
          0.8578420171354154,
          0.857495468438313,
          0.8573767971156422,
          0.8578270964617947,
          0.9051549006546544,
          0.8578819879690419,
          0.8579981319680829,
          0.8575629711144056,
          0.8580177620178551,
          0.8577737134319932,
          0.858017294962689,
          0.8580047163719391,
          0.8570962456618237
        ],
        [
          0.8579012763983654,
          -21.396074206663403,
          1.478416644356343,
          1.0182120545013489,
          0.8579052854974334,
          0.8576799341696577,
          0.8578932771207016,
          1.2870139221175754,
          0.8575715301516961,
          0.8577900603549615,
          0.8562589130945347,
          0.8579171738497529,
          0.857717855912945,
          1.7240857410470247,
          1.6791845416970181,
          1.1694895353500376,
          0.8573044155784149,
          0.857749273529414,
          0.857882733288525,
          0.8573993700205118,
          0.8578989322670099,
          0.8576366895409996,
          0.8578995571948047,
          0.9749033541661054,
          0.8569223716606955
        ],
        [
          1.7584595259378633,
          1.478416644356343,
          -41.27641824643777,
          4.380350642071658,
          0.8556049763211617,
          1.5687769180189175,
          1.2832921848263281,
          2.850958994811982,
          3.0896164364292833,
          0.8552486227972814,
          3.276275752943845,
          1.1398316304498466,
          0.8555915626204688,
          2.119424360087811,
          3.11090636831245,
          0.8845762734030334,
          4.627338894220657,
          0.8553042404211976,
          0.8555636311124187,
          1.175594966333587,
          0.894310448737875,
          1.1407322477069755,
          0.8910927446929022,
          0.8553671083882722,
          3.5231436198879718
        ],
        [
          0.8575176660665934,
          1.0182120545013489,
          4.380350642071658,
          -30.9337102487674,
          0.9840148413954962,
          0.9545397693118574,
          0.9207067227387666,
          1.351077898029122,
          1.2145201087189588,
          0.8926337447884845,
          0.8562686114638131,
          0.8577518745219671,
          0.8573643143025431,
          1.4702956078897569,
          1.757618061068045,
          1.3444097854092678,
          1.5212218165681675,
          0.8573422872442792,
          0.8574840512508718,
          0.8923358150696372,
          0.8574792561477164,
          1.4447975655600962,
          0.8574755765741746,
          0.8574686172929162,
          0.856928953188924
        ],
        [
          0.8580221460950559,
          0.8579052854974334,
          0.8556049763211617,
          0.9840148413954962,
          -19.39282351772366,
          0.8578595957570587,
          0.9846706453864642,
          0.9863643176567055,
          0.8576811904038638,
          0.8579512228942541,
          0.856369816343943,
          0.8580423547626573,
          0.857841183397324,
          0.9838616366459858,
          0.9882884221355923,
          0.8578267337549189,
          0.9839710478695467,
          0.8578852823923641,
          0.8580113471338942,
          0.857555467373102,
          0.8580336872081672,
          0.857884179186763,
          0.8580324904641696,
          0.8580190709850914,
          0.8570230843136989
        ],
        [
          0.8578068850091719,
          0.8576799341696577,
          1.5687769180189175,
          0.9545397693118574,
          0.8578595957570587,
          -26.24762845636474,
          0.8578146741493169,
          0.8574476328755758,
          0.8575364113713427,
          1.0720297414446804,
          3.2827783154484913,
          0.8578135812349628,
          0.8576466776890518,
          0.8572545866943774,
          0.95629001772381,
          0.8576251354270683,
          1.285851675780143,
          0.8576591736753751,
          0.8577839808280527,
          1.5002649061776554,
          0.8577905862108792,
          1.4828035057072806,
          0.8577924494683773,
          0.8577722964419583,
          0.8569887141220204
        ],
        [
          0.858085845989857,
          0.8578932771207016,
          1.2832921848263281,
          0.9207067227387666,
          0.9846706453864642,
          0.8578146741493169,
          -20.611957273944693,
          1.1726088738352967,
          0.8576769378520825,
          0.8579244882051263,
          0.856722416164462,
          0.858026864110322,
          0.8578305053993753,
          0.9137134519663034,
          1.3519627492876385,
          0.857814665333926,
          0.9136457829745739,
          0.8578728129244083,
          0.8579954791751493,
          0.8575406181810481,
          0.8580170284010802,
          0.8578037697471436,
          0.8580168282467036,
          0.8580026950786674,
          0.857038100878962
        ],
        [
          1.143394193431428,
          1.2870139221175754,
          2.850958994811982,
          1.351077898029122,
          0.9863643176567055,
          0.8574476328755758,
          1.1726088738352967,
          -33.9732909700463,
          0.857372811545975,
          0.8574276092064043,
          0.8577243073252934,
          0.8582063282046385,
          0.8574316258981012,
          2.92194326324877,
          2.580669363330079,
          1.0195623653111672,
          1.230169051175971,
          0.8574097615852494,
          0.8579186492263005,
          0.8571578969469563,
          1.286101960005411,
          0.8574049159715162,
          0.8586704145618588,
          1.1424106663643827,
          0.8569227495745643
        ],
        [
          1.1673493667504493,
          0.8575715301516961,
          3.0896164364292833,
          1.2145201087189588,
          0.8576811904038638,
          0.8575364113713427,
          0.8576769378520825,
          0.857372811545975,
          -28.410245013247838,
          0.8575712463321052,
          0.8564671076859284,
          0.8577002008498394,
          0.8575528408660819,
          0.857171331057445,
          0.8571546063536715,
          0.8575318036491846,
          1.2381736682514026,
          1.7151423841945466,
          0.8576723775527895,
          0.8572820143619524,
          0.8576703841124745,
          0.8574824074977336,
          0.8576733514985444,
          0.857651434047404,
          0.8569885881277115
        ],
        [
          0.857924450293714,
          0.8577900603549615,
          0.8552486227972814,
          0.8926337447884845,
          0.8579512228942541,
          1.0720297414446804,
          0.8579244882051263,
          0.8574276092064043,
          0.8575712463321052,
          -19.20377769779867,
          1.07015286503002,
          0.8579428792050288,
          0.8577305272432356,
          0.857208893233535,
          0.8931643627874254,
          0.857725067494882,
          0.857291489102011,
          0.8577681392284147,
          1.1795480758773231,
          2.0005139637913443,
          0.8579269148619212,
          0.9290837509392882,
          0.857927335657447,
          0.8579086187904779,
          0.8568786489662586
        ],
        [
          0.8566774702476024,
          0.8562589130945347,
          3.276275752943845,
          0.8562686114638131,
          0.856369816343943,
          3.2827783154484913,
          0.856722416164462,
          0.8577243073252934,
          0.8564671076859284,
          1.07015286503002,
          -41.2242429580804,
          0.8564377672970036,
          3.853874227569413,
          1.0668167621140618,
          0.8584323510903964,
          1.070342454273604,
          1.284573952800729,
          0.8562275327818261,
          1.6056477413100427,
          0.8560328894393021,
          0.8563329156234467,
          0.8562654563606568,
          0.856350589568726,
          0.8562839051969231,
          0.8562295828918465
        ],
        [
          0.8580284261324259,
          0.8579171738497529,
          1.1398316304498466,
          0.8577518745219671,
          0.8580423547626573,
          0.8578135812349628,
          0.858026864110322,
          0.8582063282046385,
          0.8577002008498394,
          0.8579428792050288,
          0.8564377672970036,
          -20.09941797981398,
          0.857853683039761,
          0.8573965717907697,
          1.1431516154568533,
          0.857836337425202,
          0.8576816921360182,
          0.8578962680671426,
          0.8580157881555703,
          0.857563622445698,
          0.8580384184278235,
          0.8577829093886807,
          0.8580379546315826,
          0.8580261799227898,
          0.8570671628148847
        ],
        [
          0.8578420171354154,
          0.857717855912945,
          0.8555915626204688,
          0.8573643143025431,
          0.857841183397324,
          0.8576466776890518,
          0.8578305053993753,
          0.8574316258981012,
          0.8575528408660819,
          0.8577305272432356,
          3.853874227569413,
          0.857853683039761,
          -22.676723589944036,
          0.857216608715192,
          0.857189991469928,
          0.857655026068028,
          0.8573174961044233,
          0.8576961448079217,
          0.8578228439139092,
          0.857381961170239,
          0.857832805585154,
          0.8576003256628085,
          0.8578348362667593,
          0.8578158676343486,
          0.8569710410627275
        ],
        [
          0.857495468438313,
          1.7240857410470247,
          2.119424360087811,
          1.4702956078897569,
          0.9838616366459858,
          0.8572545866943774,
          0.9137134519663034,
          2.92194326324877,
          0.857171331057445,
          0.857208893233535,
          1.0668167621140618,
          0.8573965717907697,
          0.857216608715192,
          -32.6574998086473,
          3.6196825801525088,
          1.9415384439680794,
          1.6302201644961578,
          0.8571754368999194,
          0.9276147613733333,
          0.9298869441780023,
          0.9874157852275414,
          1.285700193955362,
          1.127217234498308,
          1.401719955641031,
          0.8566872571076816
        ],
        [
          0.8573767971156422,
          1.6791845416970181,
          3.11090636831245,
          1.757618061068045,
          0.9882884221355923,
          0.95629001772381,
          1.3519627492876385,
          2.580669363330079,
          0.8571546063536715,
          0.8931643627874254,
          0.8584323510903964,
          1.1431516154568533,
          0.857189991469928,
          3.6196825801525088,
          -35.85414817320263,
          1.8049118745552786,
          1.360273799006692,
          0.8571460315141047,
          0.8580504927628883,
          1.0826956905770642,
          1.2014426469893902,
          1.0193302631294991,
          1.5431312152197627,
          1.1456413045081741,
          0.8566971418896939
        ],
        [
          0.8578270964617947,
          1.1694895353500376,
          0.8845762734030334,
          1.3444097854092678,
          0.8578267337549189,
          0.8576251354270683,
          0.857814665333926,
          1.0195623653111672,
          0.8575318036491846,
          0.857725067494882,
          1.070342454273604,
          0.857836337425202,
          0.857655026068028,
          1.9415384439680794,
          1.8049118745552786,
          -23.50050801809351,
          1.1786668668131888,
          0.8576741655425911,
          0.9292620165637259,
          0.8573711858822731,
          0.857838571938848,
          0.8575771178730428,
          0.8578159159464763,
          1.1696268116136743,
          0.8569375998299299
        ],
        [
          0.9051549006546544,
          0.8573044155784149,
          4.627338894220657,
          1.5212218165681675,
          0.9839710478695467,
          1.285851675780143,
          0.9136457829745739,
          1.230169051175971,
          1.2381736682514026,
          0.857291489102011,
          1.284573952800729,
          0.8576816921360182,
          0.8573174961044233,
          1.6302201644961578,
          1.360273799006692,
          1.1786668668131888,
          -36.189903957287314,
          0.8572815251460608,
          0.8574194759803722,
          0.8570458031078274,
          0.8573952213062528,
          1.2859494981135517,
          0.8574120065768335,
          0.8573686322816116,
          2.019630181791023
        ],
        [
          0.8578819879690419,
          0.857749273529414,
          0.8553042404211976,
          0.8573422872442792,
          0.8578852823923641,
          0.8576591736753751,
          0.8578728129244083,
          0.8574097615852494,
          1.7151423841945466,
          0.8577681392284147,
          0.8562275327818261,
          0.8578962680671426,
          0.8576961448079217,
          0.8571754368999194,
          0.8571460315141047,
          0.8576741655425911,
          0.8572815251460608,
          -19.034291543733808,
          0.8578638479975846,
          0.8573749381676372,
          0.8578791019454034,
          0.8576137347252787,
          0.8578793426810081,
          0.85786073331787,
          0.8568963205347063
        ],
        [
          0.8579981319680829,
          0.857882733288525,
          0.8555636311124187,
          0.8574840512508718,
          0.8580113471338942,
          0.8577839808280527,
          0.8579954791751493,
          0.8579186492263005,
          0.8576723775527895,
          1.1795480758773231,
          1.6056477413100427,
          0.8580157881555703,
          0.8578228439139092,
          0.9276147613733333,
          0.8580504927628883,
          0.9292620165637259,
          0.8574194759803722,
          0.8578638479975846,
          -20.55479920860188,
          0.8575293701315923,
          0.8580057109283662,
          0.8577498879980145,
          0.8580055651001588,
          0.8579911820735671,
          0.8570433634207236
        ],
        [
          0.8575629711144056,
          0.8573993700205118,
          1.175594966333587,
          0.8923358150696372,
          0.857555467373102,
          1.5002649061776554,
          0.8575406181810481,
          0.8571578969469563,
          0.8572820143619524,
          2.0005139637913443,
          0.8560328894393021,
          0.857563622445698,
          0.857381961170239,
          0.9298869441780023,
          1.0826956905770642,
          0.8573711858822731,
          0.8570458031078274,
          0.8573749381676372,
          0.8575293701315923,
          -21.171016387661055,
          0.8575394874624345,
          0.9286907864324045,
          0.857528851433898,
          0.8574976685886266,
          0.8566868851322884
        ],
        [
          0.8580177620178551,
          0.8578989322670099,
          0.894310448737875,
          0.8574792561477164,
          0.8580336872081672,
          0.8577905862108792,
          0.8580170284010802,
          1.286101960005411,
          0.8576703841124745,
          0.8579269148619212,
          0.8563329156234467,
          0.8580384184278235,
          0.857832805585154,
          0.9874157852275414,
          1.2014426469893902,
          0.857838571938848,
          0.8573952213062528,
          0.8578791019454034,
          0.8580057109283662,
          0.8575394874624345,
          -19.17458136657927,
          0.857756312275813,
          0.8580292278077724,
          0.8580149846920625,
          0.8570006110816604
        ],
        [
          0.8577737134319932,
          0.8576366895409996,
          1.1407322477069755,
          1.4447975655600962,
          0.857884179186763,
          1.4828035057072806,
          0.8578037697471436,
          0.8574049159715162,
          0.8574824074977336,
          0.9290837509392882,
          0.8562654563606568,
          0.8577829093886807,
          0.8576003256628085,
          1.285700193955362,
          1.0193302631294991,
          0.8575771178730428,
          1.2859494981135517,
          0.8576137347252787,
          0.8577498879980145,
          0.9286907864324045,
          0.857756312275813,
          -22.316814915295637,
          0.8577588995270059,
          0.8577367959986043,
          1.142414630232929
        ],
        [
          0.858017294962689,
          0.8578995571948047,
          0.8910927446929022,
          0.8574755765741746,
          0.8580324904641696,
          0.8577924494683773,
          0.8580168282467036,
          0.8586704145618588,
          0.8576733514985444,
          0.857927335657447,
          0.856350589568726,
          0.8580379546315826,
          0.8578348362667593,
          1.127217234498308,
          1.5431312152197627,
          0.8578159159464763,
          0.8574120065768335,
          0.8578793426810081,
          0.8580055651001588,
          0.857528851433898,
          0.8580292278077724,
          0.8577588995270059,
          -19.46374973235259,
          0.8580142606742752,
          0.857011523294064
        ],
        [
          0.8580047163719391,
          0.9749033541661054,
          0.8553671083882722,
          0.8574686172929162,
          0.8580190709850914,
          0.8577722964419583,
          0.8580026950786674,
          1.1424106663643827,
          0.857651434047404,
          0.8579086187904779,
          0.8562839051969231,
          0.8580261799227898,
          0.8578158676343486,
          1.401719955641031,
          1.1456413045081741,
          1.1696268116136743,
          0.8573686322816116,
          0.85786073331787,
          0.8579911820735671,
          0.8574976685886266,
          0.8580149846920625,
          0.8577367959986043,
          0.8580142606742752,
          -19.262865305471053,
          0.856967448744856
        ],
        [
          0.8570962456618237,
          0.8569223716606955,
          3.5231436198879718,
          0.856928953188924,
          0.8570230843136989,
          0.8569887141220204,
          0.857038100878962,
          0.8569227495745643,
          0.8569885881277115,
          0.8568786489662586,
          0.8562295828918465,
          0.8570671628148847,
          0.8569710410627275,
          0.8566872571076816,
          0.8566971418896939,
          0.8569375998299299,
          2.019630181791023,
          0.8568963205347063,
          0.8570433634207236,
          0.8566868851322884,
          0.8570006110816604,
          1.142414630232929,
          0.857011523294064,
          0.856967448744856,
          -33.30467716585994
        ]
      ]
    }
  },
  "nodes": {
    "10_BdBD9": {
      "region": "Global",
      "region_confidence": {
        "Global": 1.0
      },
      "region_entropy": -1.000088900581841e-12,
      "site": "Europe",
      "site_confidence": {
        "Europe": 1.0
      },
      "site_entropy": -1.000088900581841e-12
    },
    "115_M247": {
      "region": "Global",
      "region_confidence": {
        "Global": 1.0
      },
      "region_entropy": -1.000088900581841e-12,
      "site": "Europe",
      "site_confidence": {
        "Europe": 1.0
      },
      "site_entropy": -1.000088900581841e-12
    },
    "116_M249": {
      "region": "Global",
      "region_confidence": {
        "Global": 1.0
      },
      "region_entropy": -1.000088900581841e-12,
      "site": "Europe",
      "site_confidence": {
        "Europe": 1.0
      },
      "site_entropy": -1.000088900581841e-12
    },
    "117_M1264": {
      "region": "Global",
      "region_confidence": {
        "Global": 1.0
      },
      "region_entropy": -1.000088900581841e-12,
      "site": "Europe",
      "site_confidence": {
        "Europe": 1.0
      },
      "site_entropy": -1.000088900581841e-12
    },
    "118_M1268": {
      "region": "Global",
      "region_confidence": {
        "Global": 0.9999999999999999
      },
      "region_entropy": -9.99866855976916e-13,
      "site": "Europe",
      "site_confidence": {
        "Europe": 1.0
      },
      "site_entropy": -1.000088900581841e-12
    },
    "11_BdBE10": {
      "region": "Global",
      "region_confidence": {
        "Global": 1.0
      },
      "region_entropy": -1.000088900581841e-12,
      "site": "Europe",
      "site_confidence": {
        "Europe": 1.0
      },
      "site_entropy": -1.000088900581841e-12
    },
    "121027_01": {
      "region": "Central Panama",
      "region_confidence": {
        "Central Panama": 1.0
      },
      "region_entropy": -1.000088900581841e-12,
      "site": "El Valle N",
      "site_confidence": {
        "El Valle N": 1.0
      },
      "site_entropy": -1.000088900581841e-12
    },
    "121212_11": {
      "region": "Central Panama",
      "region_confidence": {
        "Central Panama": 1.0
      },
      "region_entropy": -1.000088900581841e-12,
      "site": "El Valle S",
      "site_confidence": {
        "El Valle S": 0.9999999999999999
      },
      "site_entropy": -9.99866855976916e-13
    },
    "130607_z01": {
      "region": "Central Panama",
      "region_confidence": {
        "Central Panama": 1.0
      },
      "region_entropy": -1.000088900581841e-12,
      "site": "El Cope",
      "site_confidence": {
        "El Cope": 1.0
      },
      "site_entropy": -1.000088900581841e-12
    },
    "130703_M06": {
      "region": "Central Panama",
      "region_confidence": {
        "Central Panama": 0.9999999999999999
      },
      "region_entropy": -9.99866855976916e-13,
      "site": "El Valle S",
      "site_confidence": {
        "El Valle S": 1.0
      },
      "site_entropy": -1.000088900581841e-12
    },
    "130712_R05": {
      "region": "Central Panama",
      "region_confidence": {
        "Central Panama": 1.0
      },
      "region_entropy": -1.000088900581841e-12,
      "site": "Altos de Piedra",
      "site_confidence": {
        "Altos de Piedra": 1.0
      },
      "site_entropy": -1.000088900581841e-12
    },
    "131221_01": {
      "region": "Central Panama",
      "region_confidence": {
        "Central Panama": 1.0
      },
      "region_entropy": -1.000088900581841e-12,
      "site": "Donoso",
      "site_confidence": {
        "Donoso": 1.0
      },
      "site_entropy": -1.000088900581841e-12
    },
    "139_KEM89": {
      "region": "Global",
      "region_confidence": {
        "Global": 1.0
      },
      "region_entropy": -1.000088900581841e-12,
      "site": "Africa",
      "site_confidence": {
        "Africa": 1.0
      },
      "site_entropy": -1.000088900581841e-12
    },
    "13_Ab2_7": {
      "region": "Global",
      "region_confidence": {
        "Global": 0.9999999999999999
      },
      "region_entropy": -9.99866855976916e-13,
      "site": "Europe",
      "site_confidence": {
        "Europe": 1.0
      },
      "site_entropy": -1.000088900581841e-12
    },
    "140529_02": {
      "region": "Central Panama",
      "region_confidence": {
        "Central Panama": 1.0
      },
      "region_entropy": -1.000088900581841e-12,
      "site": "El Valle N",
      "site_confidence": {
        "El Valle N": 0.9999999999999999
      },
      "site_entropy": -9.99866855976916e-13
    },
    "140529_07": {
      "region": "Central Panama",
      "region_confidence": {
        "Central Panama": 1.0
      },
      "region_entropy": -1.000088900581841e-12,
      "site": "El Valle N",
      "site_confidence": {
        "El Valle N": 0.9999999999999999
      },
      "site_entropy": -9.99866855976916e-13
    },
    "140529_08": {
      "region": "Central Panama",
      "region_confidence": {
        "Central Panama": 1.0
      },
      "region_entropy": -1.000088900581841e-12,
      "site": "El Valle N",
      "site_confidence": {
        "El Valle N": 1.0
      },
      "site_entropy": -1.000088900581841e-12
    },
    "140616_03": {
      "region": "Central Panama",
      "region_confidence": {
        "Central Panama": 0.9999999999999999
      },
      "region_entropy": -9.99866855976916e-13,
      "site": "Tigrero",
      "site_confidence": {
        "Tigrero": 1.0
      },
      "site_entropy": -1.000088900581841e-12
    },
    "140619_A05": {
      "region": "Central Panama",
      "region_confidence": {
        "Central Panama": 1.0
      },
      "region_entropy": -1.000088900581841e-12,
      "site": "Sargentita",
      "site_confidence": {
        "Sargentita": 1.0
      },
      "site_entropy": -1.000088900581841e-12
    },
    "140620_A06": {
      "region": "Central Panama",
      "region_confidence": {
        "Central Panama": 0.9999999999999999
      },
      "region_entropy": -9.99866855976916e-13,
      "site": "Sargentita",
      "site_confidence": {
        "Sargentita": 1.0
      },
      "site_entropy": -1.000088900581841e-12
    },
    "140624_01": {
      "region": "Central Panama",
      "region_confidence": {
        "Central Panama": 0.9999999999999999
      },
      "region_entropy": -9.99866855976916e-13,
      "site": "El Cope",
      "site_confidence": {
        "El Cope": 1.0
      },
      "site_entropy": -1.000088900581841e-12
    },
    "140628_11": {
      "region": "Central Panama",
      "region_confidence": {
        "Central Panama": 1.0
      },
      "region_entropy": -1.000088900581841e-12,
      "site": "El Cope",
      "site_confidence": {
        "El Cope": 1.0
      },
      "site_entropy": -1.000088900581841e-12
    },
    "140630_04": {
      "region": "Central Panama",
      "region_confidence": {
        "Central Panama": 1.0
      },
      "region_entropy": -1.000088900581841e-12,
      "site": "El Cope",
      "site_confidence": {
        "El Cope": 1.0
      },
      "site_entropy": -1.000088900581841e-12
    },
    "140630_05": {
      "region": "Central Panama",
      "region_confidence": {
        "Central Panama": 1.0
      },
      "region_entropy": -1.000088900581841e-12,
      "site": "El Cope",
      "site_confidence": {
        "El Cope": 1.0
      },
      "site_entropy": -1.000088900581841e-12
    },
    "140630_12": {
      "region": "Central Panama",
      "region_confidence": {
        "Central Panama": 1.0
      },
      "region_entropy": -1.000088900581841e-12,
      "site": "El Cope",
      "site_confidence": {
        "El Cope": 1.0
      },
      "site_entropy": -1.000088900581841e-12
    },
    "140630_R04": {
      "region": "Central Panama",
      "region_confidence": {
        "Central Panama": 1.0
      },
      "region_entropy": -1.000088900581841e-12,
      "site": "El Cope",
      "site_confidence": {
        "El Cope": 1.0
      },
      "site_entropy": -1.000088900581841e-12
    },
    "140707_R12": {
      "region": "Central Panama",
      "region_confidence": {
        "Central Panama": 1.0
      },
      "region_entropy": -1.000088900581841e-12,
      "site": "Altos de Piedra",
      "site_confidence": {
        "Altos de Piedra": 1.0
      },
      "site_entropy": -1.000088900581841e-12
    },
    "140708_R05": {
      "region": "Central Panama",
      "region_confidence": {
        "Central Panama": 1.0
      },
      "region_entropy": -1.000088900581841e-12,
      "site": "Altos de Piedra",
      "site_confidence": {
        "Altos de Piedra": 0.9999999999999999
      },
      "site_entropy": -9.99866855976916e-13
    },
    "140708_R12": {
      "region": "Central Panama",
      "region_confidence": {
        "Central Panama": 1.0
      },
      "region_entropy": -1.000088900581841e-12,
      "site": "Altos de Piedra",
      "site_confidence": {
        "Altos de Piedra": 0.9999999999999999
      },
      "site_entropy": -9.99866855976916e-13
    },
    "140711_02": {
      "region": "Central Panama",
      "region_confidence": {
        "Central Panama": 1.0
      },
      "region_entropy": -1.000088900581841e-12,
      "site": "Cerro Negro",
      "site_confidence": {
        "Cerro Negro": 0.9999999999999999
      },
      "site_entropy": -9.99866855976916e-13
    },
    "140711_A02": {
      "region": "Central Panama",
      "region_confidence": {
        "Central Panama": 1.0
      },
      "region_entropy": -1.000088900581841e-12,
      "site": "Cerro Negro",
      "site_confidence": {
        "Cerro Negro": 1.0
      },
      "site_entropy": -1.000088900581841e-12
    },
    "140711_A03": {
      "region": "Central Panama",
      "region_confidence": {
        "Central Panama": 1.0
      },
      "region_entropy": -1.000088900581841e-12,
      "site": "Cerro Negro",
      "site_confidence": {
        "Cerro Negro": 1.0
      },
      "site_entropy": -1.000088900581841e-12
    },
    "140712_R04": {
      "region": "Central Panama",
      "region_confidence": {
        "Central Panama": 0.9999999999999999
      },
      "region_entropy": -9.99866855976916e-13,
      "site": "Cerro Negro",
      "site_confidence": {
        "Cerro Negro": 1.0
      },
      "site_entropy": -1.000088900581841e-12
    },
    "140712_R06": {
      "region": "Central Panama",
      "region_confidence": {
        "Central Panama": 1.0
      },
      "region_entropy": -1.000088900581841e-12,
      "site": "Cerro Negro",
      "site_confidence": {
        "Cerro Negro": 1.0
      },
      "site_entropy": -1.000088900581841e-12
    },
    "140716_R01": {
      "region": "Central Panama",
      "region_confidence": {
        "Central Panama": 0.9999999999999999
      },
      "region_entropy": -9.99866855976916e-13,
      "site": "Altos de Piedra",
      "site_confidence": {
        "Altos de Piedra": 1.0
      },
      "site_entropy": -1.000088900581841e-12
    },
    "140716_R02": {
      "region": "Central Panama",
      "region_confidence": {
        "Central Panama": 1.0
      },
      "region_entropy": -1.000088900581841e-12,
      "site": "Altos de Piedra",
      "site_confidence": {
        "Altos de Piedra": 0.9999999999999999
      },
      "site_entropy": -9.99866855976916e-13
    },
    "140718_R12": {
      "region": "Central Panama",
      "region_confidence": {
        "Central Panama": 1.0
      },
      "region_entropy": -1.000088900581841e-12,
      "site": "Tigrero",
      "site_confidence": {
        "Tigrero": 1.0
      },
      "site_entropy": -1.000088900581841e-12
    },
    "141216_15": {
      "region": "Central Panama",
      "region_confidence": {
        "Central Panama": 1.0
      },
      "region_entropy": -1.000088900581841e-12,
      "site": "Tigrero",
      "site_confidence": {
        "Tigrero": 1.0
      },
      "site_entropy": -1.000088900581841e-12
    },
    "141218_06": {
      "region": "Central Panama",
      "region_confidence": {
        "Central Panama": 1.0
      },
      "region_entropy": -1.000088900581841e-12,
      "site": "El Valle S",
      "site_confidence": {
        "El Valle S": 1.0
      },
      "site_entropy": -1.000088900581841e-12
    },
    "144_CN049": {
      "region": "Global",
      "region_confidence": {
        "Global": 1.0
      },
      "region_entropy": -1.000088900581841e-12,
      "site": "Americas",
      "site_confidence": {
        "Americas": 1.0
      },
      "site_entropy": -1.000088900581841e-12
    },
    "147_BL3": {
      "region": "Global",
      "region_confidence": {
        "Global": 1.0
      },
      "region_entropy": -1.000088900581841e-12,
      "site": "Asia",
      "site_confidence": {
        "Asia": 1.0
      },
      "site_entropy": -1.000088900581841e-12
    },
    "148_BL5": {
      "region": "Global",
      "region_confidence": {
        "Global": 1.0
      },
      "region_entropy": -1.000088900581841e-12,
      "site": "Asia",
      "site_confidence": {
        "Asia": 1.0
      },
      "site_entropy": -1.000088900581841e-12
    },
    "150608_01": {
      "region": "Central Panama",
      "region_confidence": {
        "Central Panama": 1.0
      },
      "region_entropy": -1.000088900581841e-12,
      "site": "El Valle S",
      "site_confidence": {
        "El Valle S": 1.0
      },
      "site_entropy": -1.000088900581841e-12
    },
    "150615_A01": {
      "region": "Central Panama",
      "region_confidence": {
        "Central Panama": 1.0
      },
      "region_entropy": -1.000088900581841e-12,
      "site": "El Valle N",
      "site_confidence": {
        "El Valle N": 1.0
      },
      "site_entropy": -1.000088900581841e-12
    },
    "150620_12": {
      "region": "Central Panama",
      "region_confidence": {
        "Central Panama": 0.9999999999999999
      },
      "region_entropy": -9.99866855976916e-13,
      "site": "El Cope",
      "site_confidence": {
        "El Cope": 1.0
      },
      "site_entropy": -1.000088900581841e-12
    },
    "150621_01": {
      "region": "Central Panama",
      "region_confidence": {
        "Central Panama": 1.0
      },
      "region_entropy": -1.000088900581841e-12,
      "site": "El Cope",
      "site_confidence": {
        "El Cope": 1.0
      },
      "site_entropy": -1.000088900581841e-12
    },
    "150623_16": {
      "region": "Central Panama",
      "region_confidence": {
        "Central Panama": 1.0
      },
      "region_entropy": -1.000088900581841e-12,
      "site": "El Cope",
      "site_confidence": {
        "El Cope": 1.0
      },
      "site_entropy": -1.000088900581841e-12
    },
    "150625_03": {
      "region": "Central Panama",
      "region_confidence": {
        "Central Panama": 1.0
      },
      "region_entropy": -1.000088900581841e-12,
      "site": "Campana",
      "site_confidence": {
        "Campana": 1.0
      },
      "site_entropy": -1.000088900581841e-12
    },
    "150701_01": {
      "region": "Central Panama",
      "region_confidence": {
        "Central Panama": 1.0
      },
      "region_entropy": -1.000088900581841e-12,
      "site": "El Cope",
      "site_confidence": {
        "El Cope": 1.0
      },
      "site_entropy": -1.000088900581841e-12
    },
    "150704_04": {
      "region": "Central Panama",
      "region_confidence": {
        "Central Panama": 1.0
      },
      "region_entropy": -1.000088900581841e-12,
      "site": "El Cope",
      "site_confidence": {
        "El Cope": 1.0
      },
      "site_entropy": -1.000088900581841e-12
    },
    "150713_A05": {
      "region": "Central Panama",
      "region_confidence": {
        "Central Panama": 1.0
      },
      "region_entropy": -1.000088900581841e-12,
      "site": "Cerro Negro",
      "site_confidence": {
        "Cerro Negro": 0.9999999999999999
      },
      "site_entropy": -9.99866855976916e-13
    },
    "150714_02": {
      "region": "Central Panama",
      "region_confidence": {
        "Central Panama": 1.0
      },
      "region_entropy": -1.000088900581841e-12,
      "site": "Cerro Negro",
      "site_confidence": {
        "Cerro Negro": 1.0
      },
      "site_entropy": -1.000088900581841e-12
    },
    "150714_15": {
      "region": "Central Panama",
      "region_confidence": {
        "Central Panama": 1.0
      },
      "region_entropy": -1.000088900581841e-12,
      "site": "Cerro Negro",
      "site_confidence": {
        "Cerro Negro": 1.0
      },
      "site_entropy": -1.000088900581841e-12
    },
    "150727_05": {
      "region": "Central Panama",
      "region_confidence": {
        "Central Panama": 1.0
      },
      "region_entropy": -1.000088900581841e-12,
      "site": "Miguel de la borda",
      "site_confidence": {
        "Miguel de la borda": 1.0
      },
      "site_entropy": -1.000088900581841e-12
    },
    "150_BL9": {
      "region": "Global",
      "region_confidence": {
        "Global": 0.9999999999999999
      },
      "region_entropy": -9.99866855976916e-13,
      "site": "Asia",
      "site_confidence": {
        "Asia": 1.0
      },
      "site_entropy": -1.000088900581841e-12
    },
    "151201_J01": {
      "region": "Central Panama",
      "region_confidence": {
        "Central Panama": 1.0
      },
      "region_entropy": -1.000088900581841e-12,
      "site": "El Valle N",
      "site_confidence": {
        "El Valle N": 1.0
      },
      "site_entropy": -1.000088900581841e-12
    },
    "151201_J02": {
      "region": "Central Panama",
      "region_confidence": {
        "Central Panama": 1.0
      },
      "region_entropy": -1.000088900581841e-12,
      "site": "El Valle N",
      "site_confidence": {
        "El Valle N": 1.0
      },
      "site_entropy": -1.000088900581841e-12
    },
    "151204_J06": {
      "region": "Central Panama",
      "region_confidence": {
        "Central Panama": 0.9999999999999999
      },
      "region_entropy": -9.99866855976916e-13,
      "site": "El Valle N",
      "site_confidence": {
        "El Valle N": 1.0
      },
      "site_entropy": -1.000088900581841e-12
    },
    "151204_J08": {
      "region": "Central Panama",
      "region_confidence": {
        "Central Panama": 1.0
      },
      "region_entropy": -1.000088900581841e-12,
      "site": "El Valle N",
      "site_confidence": {
        "El Valle N": 1.0
      },
      "site_entropy": -1.000088900581841e-12
    },
    "151204_J16": {
      "region": "Central Panama",
      "region_confidence": {
        "Central Panama": 1.0
      },
      "region_entropy": -1.000088900581841e-12,
      "site": "El Valle N",
      "site_confidence": {
        "El Valle N": 1.0
      },
      "site_entropy": -1.000088900581841e-12
    },
