{
  "generated_by": {
    "program": "augur",
    "version": "7.0.2"
  },
  "models": {
    "region": {
      "alphabet": [
        "Central Panama",
        "Global",
        "Root",
        "Sierra Nevada",
        "?"
      ],
      "equilibrium_probabilities": [
        0.13799680313338583,
        0.37792980973325796,
        0.2622233762282768,
        0.2218500109050794
      ],
      "rate": 84.62947976427911,
      "transition_matrix": [
        [
          0.0,
          2.900899394889562,
          0.19723679489170315,
          0.5371324579759716
        ],
        [
          2.900899394889562,
          0.0,
          0.24524452890134874,
          3.4220420867031773
        ],
        [
          0.19723679489170315,
          0.24524452890134874,
          0.0,
          0.23905377853310347
        ],
        [
          0.5371324579759716,
          3.4220420867031773,
          0.23905377853310347,
          0.0
        ]
      ]
    },
    "site": {
      "alphabet": [
        "Africa",
        "AmRoot",
        "Americas",
        "Asia",
        "Australia",
        "Barrett Basin",
        "Campana",
        "Caribbean 1",
        "Caribbean 2",
        "Conness Pond",
        "Darwin Bench",
        "Devils Crag Basin",
        "Donoso",
        "Dusy Basin",
        "El Cope East",
        "El Cope West",
        "El Valle N",
        "El Valle S",
        "Europe",
        "LeConte Divide",
        "Marjorie Basin",
        "McGee Basin",
        "Mono Pass",
        "Santa Fe 1",
        "Santa Fe 2",
        "Unicorn Ponds",
        "?"
      ],
      "equilibrium_probabilities": [
        0.04026204021306797,
        0.04408714142428271,
        0.04214080647291476,
        0.03136330540419969,
        0.041678878304824814,
        0.03478774086418069,
        0.04046105239878007,
        0.043640886702881986,
        0.043227092719855864,
        0.02720803201171872,
        0.044529009637496564,
        0.03578745905331098,
        0.04258904122061972,
        0.035886731203906806,
        0.03481788516629887,
        0.042527438194011544,
        0.035681391728591805,
        0.04222328566597906,
        0.03011765252016548,
        0.040696064638135986,
        0.04226447773783045,
        0.044464963296935556,
        0.03719623245240029,
        0.04073746687302351,
        0.031726897713341494,
        0.029897026381244696
      ],
      "rate": 225.4227975931385,
      "transition_matrix": [
        [
          0.0,
          0.8493956386140429,
          1.444959371241879,
          0.8742964538824401,
          0.8445459146621965,
          0.8449275462054799,
          0.8459345194426753,
          0.8458577918966098,
          1.1273906806609657,
          1.0868948493248398,
          0.8451455318229845,
          0.8441315420379217,
          0.8440108125617606,
          0.8441397633849941,
          0.848693390845948,
          0.8453269612637098,
          0.8479086743733227,
          0.8461097289169706,
          0.9437918194526074,
          0.8447056399340497,
          0.8443500830952543,
          0.8448349613553011,
          0.8444799582783218,
          1.1015087979699065,
          0.8585332399642255,
          0.846579125398398
        ],
        [
          0.8493956386140429,
          0.0,
          0.8850844058255808,
          1.029566678010072,
          0.8480406007518431,
          0.8480500470545264,
          0.849638463373185,
          0.8494370391745626,
          0.8490025399050639,
          0.9064073783721048,
          0.848948643383475,
          0.8477843638608865,
          0.8477747177322971,
          0.8473149788434892,
          0.8523002881694117,
          0.8494401347186836,
          0.8519256176166966,
          0.8503064245861217,
          0.8554649166549576,
          0.8482732633673338,
          0.8479945404117082,
          0.8485679601831907,
          0.8476487138525253,
          0.8503594806471211,
          0.853261245991104,
          0.9069778050278846
        ],
        [
          1.444959371241879,
          0.8850844058255808,
          0.0,
          5.9647630691249685,
          1.0511260811716088,
          1.9888484921012293,
          1.5701462625302727,
          0.8657495112885301,
          1.0367024694967069,
          4.554305363500979,
          1.059878592081086,
          2.3220103111631154,
          0.8477200646646008,
          1.085561442606231,
          3.4199808799378957,
          1.045215308348031,
          2.5476461870189246,
          1.167815158351715,
          5.218115274090462,
          1.3263792529879734,
          0.8769861351162699,
          1.047969987807147,
          2.1775680340787718,
          1.458731579546484,
          2.44687439779367,
          3.4044835724980533
        ],
        [
          0.8742964538824401,
          1.029566678010072,
          5.9647630691249685,
          0.0,
          0.8505764643414236,
          0.8514404857191146,
          0.9153664004215316,
          0.8511333303863177,
          0.85129010356889,
          1.0827575115547887,
          0.8806387490756697,
          1.2815085788467435,
          0.8479784542618178,
          0.8489453531253288,
          1.6057273080838432,
          0.9791392273874506,
          1.349525386709546,
          1.122776200272389,
          2.030351580156925,
          0.8503066379029823,
          0.8484144517323199,
          0.8786732091456203,
          0.8585800917135352,
          0.8627875210404438,
          2.354944579670061,
          1.0444441295117388
        ],
        [
          0.8445459146621965,
          0.8480406007518431,
          1.0511260811716088,
          0.8505764643414236,
          0.0,
          0.8441464199192749,
          0.8450870201195481,
          0.8447161173106569,
          0.8445636523108779,
          0.846090282275016,
          0.8442918969026202,
          0.8431318298733124,
          0.8432580620814436,
          0.8434721933085138,
          1.1158653475413907,
          0.8446464960683645,
          0.849087105229427,
          0.8455782938276265,
          0.8477249723993943,
          0.8436658573516442,
          0.8436221477931907,
          0.8439811841951282,
          0.8437528042092786,
          0.8466392235482898,
          0.848354752531148,
          0.8453547743659157
        ],
        [
          0.8449275462054799,
          0.8480500470545264,
          1.9888484921012293,
          0.8514404857191146,
          0.8441464199192749,
          0.0,
          0.8455875871283648,
          0.8447981820365817,
          0.8449168502881202,
          0.847054429501772,
          0.8446937606091688,
          3.346396004268365,
          0.8434129122282709,
          1.2287892375425304,
          0.8476603945813156,
          0.8448110591878045,
          0.8470100039548296,
          0.8454797340717757,
          0.9033321847149273,
          0.8440815252068952,
          1.5135002823680272,
          0.844899801445794,
          1.1621697274430187,
          0.8466114841488198,
          0.8472762781086364,
          0.8462100358492155
        ],
        [
          0.8459345194426753,
          0.849638463373185,
          1.5701462625302727,
          0.9153664004215316,
          0.8450870201195481,
          0.8455875871283648,
          0.0,
          1.1606469930768555,
          0.8459285412275389,
          0.8478137545061587,
          0.8458909031766428,
          0.8446882941098942,
          0.8446536571917491,
          0.8446257295617625,
          0.8621678122472713,
          0.9395446213681664,
          0.9461059432224116,
          0.8741853614936684,
          0.8496782839918995,
          0.8449734984060464,
          0.8448196857859827,
          0.8456296881982522,
          0.9063476255867271,
          0.8492936102589437,
          1.1036638999322943,
          0.8466376770216519
        ],
        [
          0.8458577918966098,
          0.8494370391745626,
          0.8657495112885301,
          0.8511333303863177,
          0.8447161173106569,
          0.8447981820365817,
          1.1606469930768555,
          0.0,
          0.8463090291246921,
          0.846149310651357,
          0.8469136151996651,
          0.8436510673174984,
          0.844912253962624,
          0.8442999268546711,
          0.8552338631243098,
          0.8468679460429341,
          1.2062666400879043,
          0.8740245153724443,
          0.8470654460247812,
          0.8444712820982946,
          0.8446929523815688,
          0.8465597612102551,
          0.8457961229558669,
          1.1379391729975747,
          1.0101745163623972,
          0.8456727588223966
        ],
        [
          1.1273906806609657,
          0.8490025399050639,
          1.0367024694967069,
          0.85129010356889,
          0.8445636523108779,
          0.8449168502881202,
          0.8459285412275389,
          0.8463090291246921,
          0.0,
          0.8471878486711798,
          0.8451817976643092,
          0.8438519809592653,
          0.8440285783267472,
          0.8441588393580971,
          0.8827261627068308,
          0.8452870401006071,
          0.8528687181561233,
          0.8460502365156485,
          0.8514850209855056,
          0.8444270443575213,
          0.844382049152104,
          0.8448455802858429,
          0.8445342343863199,
          1.4707894887998532,
          0.8608429900541703,
          0.8458289698837688
        ],
        [
          1.0868948493248398,
          0.9064073783721048,
          4.554305363500979,
          1.0827575115547887,
          0.846090282275016,
          0.847054429501772,
          0.8478137545061587,
          0.846149310651357,
          0.8471878486711798,
          0.0,
          0.8468820563621018,
          0.8469842773118295,
          0.8449013948015414,
          0.8454424756185951,
          0.8536277148985774,
          0.8471939359388296,
          0.8497970353625172,
          0.8484202991330807,
          1.6416921064966958,
          1.4047751650827058,
          0.8453228593148212,
          0.8466434086549052,
          0.8463055349423165,
          0.8500811312931013,
          0.8518773742672033,
          1.1511719904457596
        ],
        [
          0.8451455318229845,
          0.848948643383475,
          1.059878592081086,
          0.8806387490756697,
          0.8442918969026202,
          0.8446937606091688,
          0.8458909031766428,
          0.8469136151996651,
          0.8451817976643092,
          0.8468820563621018,
          0.0,
          0.8442621357711583,
          0.8439531893652903,
          0.8439296978176576,
          0.8657103681966265,
          0.845390410507862,
          1.0860698420136503,
          0.8463722763499192,
          0.8553982105567466,
          0.8441665512028315,
          0.8441251793124258,
          2.968559350398247,
          0.8451997262802216,
          0.848929978920285,
          0.8494307974190964,
          0.8459084441278131
        ],
        [
          0.8441315420379217,
          0.8477843638608865,
          2.3220103111631154,
          1.2815085788467435,
          0.8431318298733124,
          3.346396004268365,
          0.8446882941098942,
          0.8436510673174984,
          0.8438519809592653,
          0.8469842773118295,
          0.8442621357711583,
          0.0,
          0.8423304118208407,
          4.784455395118048,
          0.847965611986171,
          0.8440052932955645,
          0.8464021739169857,
          0.8448324350265352,
          1.2792273100183897,
          0.8430331839073832,
          1.1896958933797297,
          1.2709176944802498,
          0.9098801278283308,
          0.8459172182624896,
          0.8472145254740561,
          0.845300107008974
        ],
        [
          0.8440108125617606,
          0.8477747177322971,
          0.8477200646646008,
          0.8479784542618178,
          0.8432580620814436,
          0.8434129122282709,
          0.8446536571917491,
          0.844912253962624,
          0.8440285783267472,
          0.8449013948015414,
          0.8439531893652903,
          0.8423304118208407,
          0.0,
          0.8430116022519772,
          0.846287896604249,
          0.8441410635906632,
          1.2682371186487058,
          0.8447927471040366,
          0.8447226531167613,
          0.8430643857699682,
          0.8432533001172632,
          0.8436423509386958,
          0.8430768377748635,
          0.8457250348158576,
          0.8586300354867122,
          0.8442543292518319
        ],
        [
          0.8441397633849941,
          0.8473149788434892,
          1.085561442606231,
          0.8489453531253288,
          0.8434721933085138,
          1.2287892375425304,
          0.8446257295617625,
          0.8442999268546711,
          0.8441588393580971,
          0.8454424756185951,
          0.8439296978176576,
          4.784455395118048,
          0.8430116022519772,
          0.0,
          0.8457830711758462,
          0.8440486644969711,
          0.8458336842880416,
          0.8445808187155667,
          0.8460909757739287,
          0.8433524533906521,
          0.8482934052011594,
          0.844067491493824,
          0.8439818294734105,
          0.8455114458533934,
          0.845924614495127,
          0.8445158135849892
        ],
        [
          0.848693390845948,
          0.8523002881694117,
          3.4199808799378957,
          1.6057273080838432,
          1.1158653475413907,
          0.8476603945813156,
          0.8621678122472713,
          0.8552338631243098,
          0.8827261627068308,
          0.8536277148985774,
          0.8657103681966265,
          0.847965611986171,
          0.846287896604249,
          0.8457830711758462,
          0.0,
          1.1468575069377756,
          4.3252502855205925,
          1.5949849524089124,
          1.3312647182757118,
          0.8465304694115431,
          0.8456619737773081,
          0.8644216291860772,
          0.8493799706224399,
          1.355777820590633,
          3.3543051113204343,
          1.0589812795372275
        ],
        [
          0.8453269612637098,
          0.8494401347186836,
          1.045215308348031,
          0.9791392273874506,
          0.8446464960683645,
          0.8448110591878045,
          0.9395446213681664,
          0.8468679460429341,
          0.8452870401006071,
          0.8471939359388296,
          0.845390410507862,
          0.8440052932955645,
          0.8441410635906632,
          0.8440486644969711,
          1.1468575069377756,
          0.0,
          1.4353213529873923,
          0.8477268952896087,
          0.8490391727123432,
          0.8443116265858979,
          0.8442733377349598,
          0.8450645525107794,
          0.8448437568598195,
          0.8481884500719806,
          1.0005830601868018,
          0.8465211235543025
        ],
        [
          0.8479086743733227,
          0.8519256176166966,
          2.5476461870189246,
          1.349525386709546,
          0.849087105229427,
          0.8470100039548296,
          0.9461059432224116,
          1.2062666400879043,
          0.8528687181561233,
          0.8497970353625172,
          1.0860698420136503,
          0.8464021739169857,
          1.2682371186487058,
          0.8458336842880416,
          4.3252502855205925,
          1.4353213529873923,
          0.0,
          1.8768194171824317,
          0.8692147747661291,
          0.8464168051173859,
          0.8460740983887403,
          1.0845721821207521,
          1.280023619127802,
          1.1244809132382023,
          3.727524920808861,
          1.0816506874888114
        ],
        [
          0.8461097289169706,
          0.8503064245861217,
          1.167815158351715,
          1.122776200272389,
          0.8455782938276265,
          0.8454797340717757,
          0.8741853614936684,
          0.8740245153724443,
          0.8460502365156485,
          0.8484202991330807,
          0.8463722763499192,
          0.8448324350265352,
          0.8447927471040366,
          0.8445808187155667,
          1.5949849524089124,
          0.8477268952896087,
          1.8768194171824317,
          0.0,
          1.0312626791151642,
          0.8449279819939693,
          0.8447999381409746,
          0.8460462818828631,
          0.8480363173732495,
          0.8639629249386492,
          1.2508935825380056,
          0.8480924350573951
        ],
        [
          0.9437918194526074,
          0.8554649166549576,
          5.218115274090462,
          2.030351580156925,
          0.8477249723993943,
          0.9033321847149273,
          0.8496782839918995,
          0.8470654460247812,
          0.8514850209855056,
          1.6416921064966958,
          0.8553982105567466,
          1.2792273100183897,
          0.8447226531167613,
          0.8460909757739287,
          1.3312647182757118,
          0.8490391727123432,
          0.8692147747661291,
          1.0312626791151642,
          0.0,
          0.8473305504060342,
          0.8454425742775621,
          0.8546874173030246,
          0.8481268802625754,
          1.1977743283437297,
          1.3151893930937817,
          1.5358689259798375
        ],
        [
          0.8447056399340497,
          0.8482732633673338,
          1.3263792529879734,
          0.8503066379029823,
          0.8436658573516442,
          0.8440815252068952,
          0.8449734984060464,
          0.8444712820982946,
          0.8444270443575213,
          1.4047751650827058,
          0.8441665512028315,
          0.8430331839073832,
          0.8430643857699682,
          0.8433524533906521,
          0.8465304694115431,
          0.8443116265858979,
          0.8464168051173859,
          0.8449279819939693,
          0.8473305504060342,
          0.0,
          0.8434399384845007,
          0.8438639902869823,
          0.8436167850037968,
          0.8460229398245398,
          0.8465604175604722,
          0.8453751654336139
        ],
        [
          0.8443500830952543,
          0.8479945404117082,
          0.8769861351162699,
          0.8484144517323199,
          0.8436221477931907,
          1.5135002823680272,
          0.8448196857859827,
          0.8446929523815688,
          0.844382049152104,
          0.8453228593148212,
          0.8441251793124258,
          1.1896958933797297,
          0.8432533001172632,
          0.8482934052011594,
          0.8456619737773081,
          0.8442733377349598,
          0.8460740983887403,
          0.8447999381409746,
          0.8454425742775621,
          0.8434399384845007,
          0.0,
          0.8439623513157829,
          0.843675326087244,
          0.8457564675490363,
          0.846156465567671,
          0.8444550032626583
        ],
        [
          0.8448349613553011,
          0.8485679601831907,
          1.047969987807147,
          0.8786732091456203,
          0.8439811841951282,
          0.844899801445794,
          0.8456296881982522,
          0.8465597612102551,
          0.8448455802858429,
          0.8466434086549052,
          2.968559350398247,
          1.2709176944802498,
          0.8436423509386958,
          0.844067491493824,
          0.8644216291860772,
          0.8450645525107794,
          1.0845721821207521,
          0.8460462818828631,
          0.8546874173030246,
          0.8438639902869823,
          0.8439623513157829,
          0.0,
          1.2722516081465796,
          0.8485608717656389,
          0.8492048234388915,
          0.8456513545808882
        ],
        [
          0.8444799582783218,
          0.8476487138525253,
          2.1775680340787718,
          0.8585800917135352,
          0.8437528042092786,
          1.1621697274430187,
          0.9063476255867271,
          0.8457961229558669,
          0.8445342343863199,
          0.8463055349423165,
          0.8451997262802216,
          0.9098801278283308,
          0.8430768377748635,
          0.8439818294734105,
          0.8493799706224399,
          0.8448437568598195,
          1.280023619127802,
          0.8480363173732495,
          0.8481268802625754,
          0.8436167850037968,
          0.843675326087244,
          1.2722516081465796,
          0.0,
          0.8472567572605558,
          0.9086750398566753,
          0.845117714718038
        ],
        [
          1.1015087979699065,
          0.8503594806471211,
          1.458731579546484,
          0.8627875210404438,
          0.8466392235482898,
          0.8466114841488198,
          0.8492936102589437,
          1.1379391729975747,
          1.4707894887998532,
          0.8500811312931013,
          0.848929978920285,
          0.8459172182624896,
          0.8457250348158576,
          0.8455114458533934,
          1.355777820590633,
          0.8481884500719806,
          1.1244809132382023,
          0.8639629249386492,
          1.1977743283437297,
          0.8460229398245398,
          0.8457564675490363,
          0.8485608717656389,
          0.8472567572605558,
          0.0,
          1.6483076513392636,
          0.8486404182088527
        ],
        [
          0.8585332399642255,
          0.853261245991104,
          2.44687439779367,
          2.354944579670061,
          0.848354752531148,
          0.8472762781086364,
          1.1036638999322943,
          1.0101745163623972,
          0.8608429900541703,
          0.8518773742672033,
          0.8494307974190964,
          0.8472145254740561,
          0.8586300354867122,
          0.845924614495127,
          3.3543051113204343,
          1.0005830601868018,
          3.727524920808861,
          1.2508935825380056,
          1.3151893930937817,
          0.8465604175604722,
          0.846156465567671,
          0.8492048234388915,
          0.9086750398566753,
          1.6483076513392636,
          0.0,
          0.8543805751432354
        ],
        [
          0.846579125398398,
          0.9069778050278846,
          3.4044835724980533,
          1.0444441295117388,
          0.8453547743659157,
          0.8462100358492155,
          0.8466376770216519,
          0.8456727588223966,
          0.8458289698837688,
          1.1511719904457596,
          0.8459084441278131,
          0.845300107008974,
          0.8442543292518319,
          0.8445158135849892,
          1.0589812795372275,
          0.8465211235543025,
          1.0816506874888114,
          0.8480924350573951,
          1.5358689259798375,
          0.8453751654336139,
          0.8444550032626583,
          0.8456513545808882,
          0.845117714718038,
          0.8486404182088527,
          0.8543805751432354,
          0.0
        ]
      ]
    }
  },
  "nodes": {
    "10_BdBD9": {
      "region": "Global",
      "region_confidence": {
        "Global": 1.0
      },
      "region_entropy": -1.000088900581841e-12,
      "site": "Europe",
      "site_confidence": {
        "Europe": 0.9999999999999999
      },
      "site_entropy": -9.99866855976916e-13
    },
    "115_M247": {
      "region": "Global",
      "region_confidence": {
        "Global": 0.9999999999999999
      },
      "region_entropy": -9.99866855976916e-13,
      "site": "Europe",
      "site_confidence": {
        "Europe": 1.0
      },
      "site_entropy": -1.000088900581841e-12
    },
    "116_M249": {
      "region": "Global",
      "region_confidence": {
        "Global": 1.0
      },
      "region_entropy": -1.000088900581841e-12,
      "site": "Europe",
      "site_confidence": {
        "Europe": 1.0
      },
      "site_entropy": -1.000088900581841e-12
    },
    "117_M1264": {
      "region": "Global",
      "region_confidence": {
        "Global": 1.0
      },
      "region_entropy": -1.000088900581841e-12,
      "site": "Europe",
      "site_confidence": {
        "Europe": 1.0
      },
      "site_entropy": -1.000088900581841e-12
    },
    "118_M1268": {
      "region": "Global",
      "region_confidence": {
        "Global": 1.0
      },
      "region_entropy": -1.000088900581841e-12,
      "site": "Europe",
      "site_confidence": {
        "Europe": 0.9999999999999999
      },
      "site_entropy": -9.99866855976916e-13
    },
    "11_BdBE10": {
      "region": "Global",
      "region_confidence": {
        "Global": 0.9999999999999999
      },
      "region_entropy": -9.99866855976916e-13,
      "site": "Europe",
      "site_confidence": {
        "Europe": 1.0
      },
      "site_entropy": -1.000088900581841e-12
    },
    "121027_01": {
      "region": "Central Panama",
      "region_confidence": {
        "Central Panama": 0.9999999999999999
      },
      "region_entropy": -9.99866855976916e-13,
      "site": "El Valle N",
      "site_confidence": {
        "El Valle N": 1.0
      },
      "site_entropy": -1.000088900581841e-12
    },
    "121212_11": {
      "region": "Central Panama",
      "region_confidence": {
        "Central Panama": 0.9999999999999999
      },
      "region_entropy": -9.99866855976916e-13,
      "site": "El Valle S",
      "site_confidence": {
        "El Valle S": 1.0
      },
      "site_entropy": -1.000088900581841e-12
    },
    "130607_z01": {
      "region": "Central Panama",
      "region_confidence": {
        "Central Panama": 1.0
      },
      "region_entropy": -1.000088900581841e-12,
      "site": "El Cope East",
      "site_confidence": {
        "El Cope East": 1.0
      },
      "site_entropy": -1.000088900581841e-12
    },
    "130703_M06": {
      "region": "Central Panama",
      "region_confidence": {
        "Central Panama": 0.9999999999999999
      },
      "region_entropy": -9.99866855976916e-13,
      "site": "El Valle S",
      "site_confidence": {
        "El Valle S": 0.9999999999999999
      },
      "site_entropy": -9.99866855976916e-13
    },
    "130712_R05": {
      "region": "Central Panama",
      "region_confidence": {
        "Central Panama": 1.0
      },
      "region_entropy": -1.000088900581841e-12,
      "site": "Santa Fe 1",
      "site_confidence": {
        "Santa Fe 1": 1.0
      },
      "site_entropy": -1.000088900581841e-12
    },
    "131221_01": {
      "region": "Central Panama",
      "region_confidence": {
        "Central Panama": 0.9999999999999999
      },
      "region_entropy": -9.99866855976916e-13,
      "site": "Donoso",
      "site_confidence": {
        "Donoso": 1.0
      },
      "site_entropy": -1.000088900581841e-12
    },
    "139_KEM89": {
      "region": "Global",
      "region_confidence": {
        "Global": 1.0
      },
      "region_entropy": -1.000088900581841e-12,
      "site": "Africa",
      "site_confidence": {
        "Africa": 1.0
      },
      "site_entropy": -1.000088900581841e-12
    },
    "13_Ab2_7": {
      "region": "Global",
      "region_confidence": {
        "Global": 1.0
      },
      "region_entropy": -1.000088900581841e-12,
      "site": "Europe",
      "site_confidence": {
        "Europe": 1.0
      },
      "site_entropy": -1.000088900581841e-12
    },
    "140529_02": {
      "region": "Central Panama",
      "region_confidence": {
        "Central Panama": 0.9999999999999999
      },
      "region_entropy": -9.99866855976916e-13,
      "site": "El Valle N",
      "site_confidence": {
        "El Valle N": 1.0
      },
      "site_entropy": -1.000088900581841e-12
    },
    "140529_07": {
      "region": "Central Panama",
      "region_confidence": {
        "Central Panama": 1.0
      },
      "region_entropy": -1.000088900581841e-12,
      "site": "El Valle N",
      "site_confidence": {
        "El Valle N": 1.0
      },
      "site_entropy": -1.000088900581841e-12
    },
    "140529_08": {
      "region": "Central Panama",
      "region_confidence": {
        "Central Panama": 1.0
      },
      "region_entropy": -1.000088900581841e-12,
      "site": "El Valle N",
      "site_confidence": {
        "El Valle N": 1.0
      },
      "site_entropy": -1.000088900581841e-12
    },
    "140616_03": {
      "region": "Central Panama",
      "region_confidence": {
        "Central Panama": 1.0
      },
      "region_entropy": -1.000088900581841e-12,
      "site": "El Cope West",
      "site_confidence": {
        "El Cope West": 1.0
      },
      "site_entropy": -1.000088900581841e-12
    },
    "140619_A05": {
      "region": "Central Panama",
      "region_confidence": {
        "Central Panama": 0.9999999999999999
      },
      "region_entropy": -9.99866855976916e-13,
      "site": "Caribbean 2",
      "site_confidence": {
        "Caribbean 2": 1.0
      },
      "site_entropy": -1.000088900581841e-12
    },
    "140620_A06": {
      "region": "Central Panama",
      "region_confidence": {
        "Central Panama": 1.0
      },
      "region_entropy": -1.000088900581841e-12,
      "site": "Caribbean 2",
      "site_confidence": {
        "Caribbean 2": 1.0
      },
      "site_entropy": -1.000088900581841e-12
    },
    "140624_01": {
      "region": "Central Panama",
      "region_confidence": {
        "Central Panama": 1.0
      },
      "region_entropy": -1.000088900581841e-12,
      "site": "El Cope East",
      "site_confidence": {
        "El Cope East": 1.0
      },
      "site_entropy": -1.000088900581841e-12
    },
    "140628_11": {
      "region": "Central Panama",
      "region_confidence": {
        "Central Panama": 1.0
      },
      "region_entropy": -1.000088900581841e-12,
      "site": "El Cope East",
      "site_confidence": {
        "El Cope East": 1.0
      },
      "site_entropy": -1.000088900581841e-12
    },
    "140630_04": {
      "region": "Central Panama",
      "region_confidence": {
        "Central Panama": 1.0
      },
      "region_entropy": -1.000088900581841e-12,
      "site": "El Cope East",
      "site_confidence": {
        "El Cope East": 1.0
      },
      "site_entropy": -1.000088900581841e-12
    },
    "140630_05": {
      "region": "Central Panama",
      "region_confidence": {
        "Central Panama": 0.9999999999999999
      },
      "region_entropy": -9.99866855976916e-13,
      "site": "El Cope East",
      "site_confidence": {
        "El Cope East": 1.0
      },
      "site_entropy": -1.000088900581841e-12
    },
    "140630_12": {
      "region": "Central Panama",
      "region_confidence": {
        "Central Panama": 1.0
      },
      "region_entropy": -1.000088900581841e-12,
      "site": "El Cope East",
      "site_confidence": {
        "El Cope East": 1.0
      },
      "site_entropy": -1.000088900581841e-12
    },
    "140630_R04": {
      "region": "Central Panama",
      "region_confidence": {
        "Central Panama": 1.0
      },
      "region_entropy": -1.000088900581841e-12,
      "site": "El Cope East",
      "site_confidence": {
        "El Cope East": 0.9999999999999999
      },
      "site_entropy": -9.99866855976916e-13
    },
    "140707_R12": {
      "region": "Central Panama",
      "region_confidence": {
        "Central Panama": 0.9999999999999999
      },
      "region_entropy": -9.99866855976916e-13,
      "site": "Santa Fe 1",
      "site_confidence": {
        "Santa Fe 1": 0.9999999999999999
      },
      "site_entropy": -9.99866855976916e-13
    },
    "140708_R05": {
      "region": "Central Panama",
      "region_confidence": {
        "Central Panama": 0.9999999999999999
      },
      "region_entropy": -9.99866855976916e-13,
      "site": "Santa Fe 1",
      "site_confidence": {
        "Santa Fe 1": 1.0
      },
      "site_entropy": -1.000088900581841e-12
    },
    "140708_R12": {
      "region": "Central Panama",
      "region_confidence": {
        "Central Panama": 0.9999999999999999
      },
      "region_entropy": -9.99866855976916e-13,
      "site": "Santa Fe 1",
      "site_confidence": {
        "Santa Fe 1": 1.0
      },
      "site_entropy": -1.000088900581841e-12
    },
    "140711_02": {
      "region": "Central Panama",
      "region_confidence": {
        "Central Panama": 1.0
      },
      "region_entropy": -1.000088900581841e-12,
      "site": "Santa Fe 2",
      "site_confidence": {
        "Santa Fe 2": 1.0
      },
      "site_entropy": -1.000088900581841e-12
    },
    "140711_A02": {
      "region": "Central Panama",
      "region_confidence": {
        "Central Panama": 1.0
      },
      "region_entropy": -1.000088900581841e-12,
      "site": "Santa Fe 2",
      "site_confidence": {
        "Santa Fe 2": 1.0
      },
      "site_entropy": -1.000088900581841e-12
    },
    "140711_A03": {
      "region": "Central Panama",
      "region_confidence": {
        "Central Panama": 1.0
      },
      "region_entropy": -1.000088900581841e-12,
      "site": "Santa Fe 2",
      "site_confidence": {
        "Santa Fe 2": 1.0
      },
      "site_entropy": -1.000088900581841e-12
    },
    "140712_R04": {
      "region": "Central Panama",
      "region_confidence": {
        "Central Panama": 1.0
      },
      "region_entropy": -1.000088900581841e-12,
      "site": "Santa Fe 2",
      "site_confidence": {
        "Santa Fe 2": 1.0
      },
      "site_entropy": -1.000088900581841e-12
    },
    "140712_R06": {
      "region": "Central Panama",
      "region_confidence": {
        "Central Panama": 1.0
      },
      "region_entropy": -1.000088900581841e-12,
      "site": "Santa Fe 2",
      "site_confidence": {
        "Santa Fe 2": 1.0
      },
      "site_entropy": -1.000088900581841e-12
    },
    "140716_R01": {
      "region": "Central Panama",
      "region_confidence": {
        "Central Panama": 1.0
      },
      "region_entropy": -1.000088900581841e-12,
      "site": "Santa Fe 1",
      "site_confidence": {
        "Santa Fe 1": 0.9999999999999999
      },
      "site_entropy": -9.99866855976916e-13
    },
    "140716_R02": {
      "region": "Central Panama",
      "region_confidence": {
        "Central Panama": 0.9999999999999999
      },
      "region_entropy": -9.99866855976916e-13,
      "site": "Santa Fe 1",
      "site_confidence": {
        "Santa Fe 1": 1.0
      },
      "site_entropy": -1.000088900581841e-12
    },
    "140718_R12": {
      "region": "Central Panama",
      "region_confidence": {
        "Central Panama": 1.0
      },
      "region_entropy": -1.000088900581841e-12,
      "site": "El Cope West",
      "site_confidence": {
        "El Cope West": 1.0
      },
      "site_entropy": -1.000088900581841e-12
    },
    "141216_15": {
      "region": "Central Panama",
      "region_confidence": {
        "Central Panama": 1.0
      },
      "region_entropy": -1.000088900581841e-12,
      "site": "El Cope West",
      "site_confidence": {
        "El Cope West": 1.0
      },
      "site_entropy": -1.000088900581841e-12
    },
    "141218_06": {
      "region": "Central Panama",
      "region_confidence": {
        "Central Panama": 1.0
      },
      "region_entropy": -1.000088900581841e-12,
      "site": "El Valle S",
      "site_confidence": {
        "El Valle S": 1.0
      },
      "site_entropy": -1.000088900581841e-12
    },
    "144_CN049": {
      "region": "Global",
      "region_confidence": {
        "Global": 1.0
      },
      "region_entropy": -1.000088900581841e-12,
      "site": "Americas",
      "site_confidence": {
        "Americas": 0.9999999999999999
      },
      "site_entropy": -9.99866855976916e-13
    },
    "147_BL3": {
      "region": "Global",
      "region_confidence": {
        "Global": 1.0
      },
      "region_entropy": -1.000088900581841e-12,
      "site": "Asia",
      "site_confidence": {
        "Asia": 1.0
      },
      "site_entropy": -1.000088900581841e-12
    },
    "148_BL5": {
      "region": "Global",
      "region_confidence": {
        "Global": 1.0
      },
      "region_entropy": -1.000088900581841e-12,
      "site": "Asia",
      "site_confidence": {
        "Asia": 1.0
      },
      "site_entropy": -1.000088900581841e-12
    },
    "150608_01": {
      "region": "Central Panama",
      "region_confidence": {
        "Central Panama": 1.0
      },
      "region_entropy": -1.000088900581841e-12,
      "site": "El Valle S",
      "site_confidence": {
        "El Valle S": 1.0
      },
      "site_entropy": -1.000088900581841e-12
    },
    "150615_A01": {
      "region": "Central Panama",
      "region_confidence": {
        "Central Panama": 1.0
      },
      "region_entropy": -1.000088900581841e-12,
      "site": "El Valle N",
      "site_confidence": {
        "El Valle N": 1.0
      },
      "site_entropy": -1.000088900581841e-12
    },
    "150620_12": {
      "region": "Central Panama",
      "region_confidence": {
        "Central Panama": 1.0
      },
      "region_entropy": -1.000088900581841e-12,
      "site": "El Cope East",
      "site_confidence": {
        "El Cope East": 1.0
      },
      "site_entropy": -1.000088900581841e-12
    },
    "150621_01": {
      "region": "Central Panama",
      "region_confidence": {
        "Central Panama": 1.0
      },
      "region_entropy": -1.000088900581841e-12,
      "site": "El Cope East",
      "site_confidence": {
        "El Cope East": 1.0
      },
      "site_entropy": -1.000088900581841e-12
    },
    "150623_16": {
      "region": "Central Panama",
      "region_confidence": {
        "Central Panama": 1.0
      },
      "region_entropy": -1.000088900581841e-12,
      "site": "El Cope East",
      "site_confidence": {
        "El Cope East": 1.0
      },
      "site_entropy": -1.000088900581841e-12
    },
    "150625_03": {
      "region": "Central Panama",
      "region_confidence": {
        "Central Panama": 1.0
      },
      "region_entropy": -1.000088900581841e-12,
      "site": "Campana",
      "site_confidence": {
        "Campana": 1.0
      },
      "site_entropy": -1.000088900581841e-12
    },
    "150701_01": {
      "region": "Central Panama",
      "region_confidence": {
        "Central Panama": 1.0
      },
      "region_entropy": -1.000088900581841e-12,
      "site": "El Cope East",
      "site_confidence": {
        "El Cope East": 1.0
      },
      "site_entropy": -1.000088900581841e-12
    },
    "150704_04": {
      "region": "Central Panama",
      "region_confidence": {
        "Central Panama": 0.9999999999999999
      },
      "region_entropy": -9.99866855976916e-13,
      "site": "El Cope East",
      "site_confidence": {
        "El Cope East": 1.0
      },
      "site_entropy": -1.000088900581841e-12
    },
    "150713_A05": {
      "region": "Central Panama",
      "region_confidence": {
        "Central Panama": 1.0
      },
      "region_entropy": -1.000088900581841e-12,
      "site": "Santa Fe 2",
      "site_confidence": {
        "Santa Fe 2": 1.0
      },
      "site_entropy": -1.000088900581841e-12
    },
    "150714_02": {
      "region": "Central Panama",
      "region_confidence": {
        "Central Panama": 1.0
      },
      "region_entropy": -1.000088900581841e-12,
      "site": "Santa Fe 2",
      "site_confidence": {
        "Santa Fe 2": 1.0
      },
      "site_entropy": -1.000088900581841e-12
    },
    "150714_15": {
      "region": "Central Panama",
      "region_confidence": {
        "Central Panama": 1.0
      },
      "region_entropy": -1.000088900581841e-12,
      "site": "Santa Fe 2",
      "site_confidence": {
        "Santa Fe 2": 1.0
      },
      "site_entropy": -1.000088900581841e-12
    },
    "150727_05": {
      "region": "Central Panama",
      "region_confidence": {
        "Central Panama": 1.0
      },
      "region_entropy": -1.000088900581841e-12,
      "site": "Caribbean 1",
      "site_confidence": {
        "Caribbean 1": 1.0
      },
      "site_entropy": -1.000088900581841e-12
    },
    "150_BL9": {
      "region": "Global",
      "region_confidence": {
        "Global": 0.9999999999999999
      },
      "region_entropy": -9.99866855976916e-13,
      "site": "Asia",
      "site_confidence": {
        "Asia": 1.0
      },
      "site_entropy": -1.000088900581841e-12
    },
